# Generated by a gamma distribution with a=10, loc=1.0, scale=3/a; min 1.95 max 7.04 mean 3.99
4.10068554258280393299
4.39543863097635245651
2.88567253961879899293
4.91260907464615925733
5.08096319369311810732
5.06849635639189521896
1.94937825372075757002
3.23450948611417299361
3.20648519050212277293
3.05189983578535484199
3.14026437720238194018
2.74727043481484844989
3.05030521076154359505
4.12493651467652266973
3.60023917573884322252
3.39597236764241428020
3.10229986958422898624
4.12522577354835640051
4.02638102260480845729
3.96607057389658246294
2.83380729697298461289
3.39482453285281282618
3.99835632673644081336
3.94049619767120873348
3.66109857275049455083
2.87738654269194249480
4.17160049527014464843
3.06611109771378753663
5.04234651325905236519
6.58745909925266914797
4.14285649092420449335
6.29518143535536189859
3.09456565229196112199
4.23275052429639853102
3.29354624457587874531
2.86398645811061136612
4.03146698131896208395
5.46347667738484954469
6.74892864765359323798
3.66012833701371720352
7.03668235086791682420
5.39146758507763657065
3.65701272819721268093
3.86699384838934179243
3.98628768205774575151
3.61302915773896282658
3.13261397816499309599
3.51004274122791715129
3.50123812431547731805
5.00963403387208128237